1019,5099654419,0,1,0,0,0,1,0,1,0,0
110389,3220513448,0,0,0,0,0,0,0,0,1,0
114,4226969045,0,1,0,0,0,1,1,0,0,0
829,4486521750,0,1,0,0,0,0,0,1,0,0
102601,4722922453,0,1,0,0,0,1,0,1,0,0
1260,1513812487,0,0,0,0,1,1,0,1,0,0
100358,3711327493,0,0,0,0,0,1,1,0,0,1
108913,3529477721,0,1,0,0,0,1,0,0,1,0
1154,3283613166,0,0,0,0,0,1,0,0,1,0
104447,6963013653,0,1,0,0,0,0,0,0,0,1
111338,5121877324,0,1,1,0,0,0,0,1,0,0
100812,8932146745,0,0,0,0,0,0,1,0,0,1
112679,1485525898,0,1,0,0,0,0,0,0,1,0
105268,2249189020,0,0,0,0,0,0,1,0,1,0
111708,6715706839,0,0,0,1,0,1,0,1,0,0
104011,9113358025,0,1,1,0,0,0,0,0,1,0
113369,4808767834,0,1,1,0,0,0,0,0,0,0
113476,7675526909,0,0,0,0,0,0,0,0,1,0
886,5416906865,0,0,1,0,0,1,0,0,0,1
103151,7582081014,0,1,1,0,0,1,0,0,0,0
106654,9245536810,0,1,0,0,0,0,1,1,0,0
409,3746517498,0,0,0,0,0,1,0,1,1,0
1086,8614950220,0,1,0,0,1,0,0,1,0,0
113648,6861268042,0,1,0,0,0,0,0,0,0,0
109780,4621759000,0,0,1,1,0,0,0,1,0,0
101695,7876053415,0,1,0,0,0,0,0,0,1,0
107673,9987193792,0,1,0,0,0,1,0,1,0,0
113657,1021492458,0,1,0,0,0,1,0,1,0,0
682,4167173434,0,0,1,0,0,0,0,1,1,0
111782,3323303498,0,1,0,0,0,0,0,1,1,0
1369,5546179581,0,0,0,0,0,0,1,0,0,0
107314,2396876551,0,0,0,0,0,1,1,1,0,0
113056,4575712403,0,0,0,0,0,1,0,1,1,0
107725,2619289560,0,0,0,0,0,1,1,0,0,0
101849,8845922362,0,0,0,1,0,1,1,0,0,0
111665,1159526130,0,1,0,0,0,1,0,0,1,0
113909,4533453214,0,1,1,0,0,0,0,1,0,0
108114,6544252417,0,1,0,0,0,0,0,0,0,0
1961,4716568136,0,0,1,1,0,0,0,1,0,0
110371,4333631513,0,0,0,0,0,1,0,1,1,0
104363,6203060145,0,0,0,1,0,0,0,1,0,0
100476,2864805098,0,0,0,1,0,0,1,0,1,0
111916,3927097386,0,0,0,0,0,1,0,0,0,0
110387,2563700380,0,0,0,0,0,0,0,0,0,1
107557,7040683028,0,0,0,0,0,1,0,0,0,0
113376,5194335576,0,1,0,0,0,0,0,1,1,0
236,0898503107,0,1,0,0,0,0,0,0,1,0
110161,1022134284,0,1,0,0,1,0,0,0,1,0
104908,1842164872,0,1,1,0,0,0,0,0,1,0
100494,2360575628,0,1,0,0,0,1,0,0,1,0
101163,1967149151,0,0,0,0,0,0,1,0,1,0
108688,4054027842,0,0,0,0,0,1,0,0,0,0
138,5699764124,0,0,1,0,0,0,1,0,1,0
112399,5624076124,0,1,1,0,0,0,0,0,1,0
113789,4440023558,0,0,0,0,0,1,0,1,1,0
113947,4910521978,0,1,1,0,0,0,0,0,0,1
106766,3998695429,0,1,1,0,0,1,0,0,0,0
112388,7862350452,0,1,1,0,0,0,0,0,1,0
105265,2446863145,0,1,0,0,0,1,0,0,1,0
113653,7263683698,0,0,1,0,0,1,0,0,0,1
113970,3146030740,0,1,1,0,0,0,0,0,0,0
100577,2494193145,0,1,1,0,0,1,0,0,0,0
113982,8523492282,0,0,0,0,0,0,0,1,1,0
113991,6228171446,0,0,0,0,0,1,0,1,1,0
923,0378939903,0,0,0,1,0,0,0,0,1,1
111565,3112078367,0,1,1,0,0,0,0,1,0,0
100101,6113133229,0,0,0,0,0,1,0,0,0,0
105454,8441934454,0,0,1,1,0,0,0,0,1,0
104258,7859495618,0,0,0,1,1,0,0,1,0,0
106697,5345576672,0,0,0,0,0,0,0,1,1,0
113591,4629026811,0,0,0,0,0,1,0,0,0,0
110136,7991840736,0,1,0,0,0,0,0,1,0,0
113530,9946292131,0,0,0,0,0,0,0,1,0,0
111483,5972568880,0,1,0,1,0,0,0,0,1,0
112626,9553474942,0,1,0,0,0,0,0,0,1,0
114031,6329335749,0,0,0,0,0,0,0,0,0,1
956,0462311871,0,1,0,0,0,1,0,0,1,0
1379,4075402247,0,1,1,0,0,0,0,0,1,0
114044,4023470780,0,0,0,0,0,1,1,0,0,0
105320,8260798839,0,1,1,0,0,0,0,1,0,0
109030,3386841351,0,1,1,0,0,0,0,1,0,0
110195,2185219816,0,0,0,0,0,0,0,0,1,0
828,1047029627,0,1,0,0,0,0,0,1,1,0
113436,3669261585,0,1,0,1,1,0,0,0,0,0
113708,3177032563,0,1,0,0,0,0,0,0,1,0
106488,7401224784,0,0,0,0,0,0,0,1,0,0
111467,5532203316,0,0,0,0,1,0,0,0,0,0
114054,0905868428,0,1,1,0,0,0,0,1,0,0
1322,2609234659,0,1,0,0,0,0,0,0,1,0
100933,8545239182,0,0,0,0,0,0,0,1,1,0
105919,2807475511,0,0,0,0,1,0,0,1,0,0
103296,0796353297,0,0,0,1,1,1,0,0,0,0
105684,6077321109,0,0,1,0,0,0,1,0,1,0
111298,3518323136,0,1,1,0,0,0,1,0,0,0
113567,4202721775,0,0,0,0,0,0,0,0,1,0
114108,9293746501,0,0,0,0,0,1,0,0,0,0
100363,9453301898,0,1,1,1,0,0,0,0,0,0
112695,6625668062,0,0,0,0,0,1,0,0,0,0
108131,8024788820,0,1,0,0,1,0,0,0,0,1
114130,1455870554,0,1,0,0,0,0,0,0,0,0
1516,5187764078,0,0,0,0,0,1,0,1,1,0
109427,3020533311,0,1,0,0,0,1,0,0,1,0
739,2506721234,0,0,1,0,1,0,0,0,1,0
112343,0600192453,0,0,0,1,1,0,0,1,0,0
114145,8153693426,0,1,0,0,0,0,0,1,1,0
103894,0809613897,0,1,1,0,0,0,0,0,1,0
112775,7429865775,0,1,0,0,0,1,0,0,1,0
106682,1946376620,0,0,0,0,0,1,1,1,0,0
114166,3811802436,0,0,0,0,0,1,0,0,1,0
113645,2127626496,0,1,0,0,0,0,0,1,1,0
106211,3293277686,0,0,1,0,0,0,0,1,1,0
113788,3914831767,0,0,0,0,0,0,0,1,0,0
113879,4992073432,0,1,0,0,0,0,0,0,0,0
108304,6688056387,0,0,0,0,0,0,0,0,1,0
114198,5962477191,0,1,0,0,0,0,0,1,1,0
486,6175774828,0,1,0,1,0,1,0,0,0,0
109643,7594209693,0,1,1,0,0,1,0,0,0,0
112450,8774708894,0,0,0,0,0,1,1,1,0,0
101192,3095254895,0,0,0,0,0,0,0,0,1,0
105876,3545793910,0,1,1,0,0,0,0,1,0,0
111009,3927948571,0,0,0,0,0,0,0,1,1,0
102074,8932832504,0,0,0,0,0,0,0,1,0,0
114223,8148634788,0,1,0,0,0,0,1,0,1,0
111026,0469819910,0,1,1,0,0,0,0,0,1,0
1053,6623719199,0,0,1,0,0,1,0,0,1,0
111861,1186200046,0,1,0,0,0,0,0,0,1,1
114244,7991256664,0,1,1,0,0,0,0,0,1,0
105585,9027486725,0,0,0,0,0,0,1,0,0,0
100677,7395383049,0,1,0,0,0,0,1,0,1,0
114271,4227670668,0,0,0,0,0,0,1,0,0,0
109082,3048260820,0,1,1,0,0,1,0,0,0,0
107455,4596915843,0,0,0,0,1,1,0,0,1,0
111359,6222141906,0,0,0,0,0,0,1,1,0,1
